
0 0 0 0 255
5 18 0 35 255
10 36 0 71 255
15 53 0 106 255
20 71 0 142 255
25 89 0 177 255
30 107 0 213 255
35 124 0 248 255
36 128 0 255 255     // Morado puro
40 109 0 255 255
45 87 0 255 255
50 65 0 255 255
55 43 0 255 255
60 22 0 255 255
65 0 0 255 255       // A punto de ser Azul puro
70 0 0 255 255
73 0 0 255 255       // Azul puro
75 0 35 255 255
80 0 104 255 255
85 0 173 255 255
90 0 242 255 255
95 0 255 255 255     // A punto de ser Cian puro
100 0 255 255 255
105 0 255 255 255
109 0 255 255 255     // Cian puro
110 0 255 248 255
115 0 255 179 255
120 0 255 110 255
125 0 255 41 255
130 0 255 0 255       // A punto de ser Verde puro
135 0 255 0 255
140 0 255 0 255
145 0 255 0 255
146 0 255 0 255       // Verde puro
150 28 255 0 255
155 64 255 0 255
160 100 255 0 255
165 136 255 0 255
170 172 255 0 255
175 208 255 0 255
180 244 255 0 255
182 255 255 0 255     // Amarillo puro
185 255 234 0 255
190 255 197 0 255
195 255 160 0 255
200 255 123 0 255
205 255 86 0 255
210 255 49 0 255
215 255 12 0 255
219 255 0 0 255       // Rojo puro
220 255 0 7 255
225 255 0 42 255
230 255 0 78 255
235 255 0 114 255
240 255 0 149 255
245 255 0 185 255
250 255 0 221 255
255 255 0 255 255     // Magenta puro